translation:
    rows: 1
    cols: 3
    data: [0.09351516, -0.06567607, -0.66041402]
euler_rotations:
    rows: 1
    cols: 3
    data: [1.10296591,  4.61030486,  0.40280272]
